# Created by Octave 4.2.0, Tue Feb 28 16:41:49 2017 CET <georg@pacman>
# name: P_lgap
# type: matrix
# ndims: 4
 2 2 2 2
 0.447911165797809
 0.0009641717359443266
 0.0009641717359443264
 0.0001604907303022984
 0.0001249172001978657
 0.04975012030355251
 4.529605175927134e-08
 0.0001249172001978657
 0.0001248837799222105
 7.871632741446185e-08
 0.04975015372382816
 0.0001248837799222106
 0.0001544126363767621
 0.0009702498298698628
 0.0009702498298698628
 0.4479050877038835


# name: P_XZ
# type: matrix
# ndims: 4
 2 2 2 2
 0.45
 0.45
 0.45
 0.45
 0.05
 0.05
 0.05
 0.05
 0.05
 0.05
 0.05
 0.05
 0.45
 0.45
 0.45
 0.45


# name: p
# type: scalar
0.1


